
267
29
186
193
48
191
201
43
218
218
195
243
39
126
157
265
24
48
102
96
27
118
259
24
193
137
250
37
263
83
171
209
261
182
188
40
202
113
189
168
225
192
208
252
116
130
255
61
24
260
56
196
61
255
64
22
54
180
168
206
202
27
215
66
144
202
49
208
257
40
156
64
174
221
194
39
149
174
55
283
247
44
188
38
209
265
174
221
206
202
194
38
177
216
249
41
33
29
169
188
256
219
109
91
260
55
199
183
70
155
219
36
197
21
38
191
181
58
214
29
211
193
97
212
150
41
209
32
65
211
265
205
159
218
31
197
121
94
178
76
245
172
110
237
259
186
45
220
205
25
186
254
184
239
75
214
256
194
189
189
55
221
34
89
213
192
240
27
208
194
201
169
70
180
283
196
226
209
56
54
253
52
57
168
200
62
275
42
73
190
173
223
173
197
244
257
258
172
186
190
236
193
255
232
247
263
30
195
199
73
200
265
174
36
47
148
31
258
175
24
33
176
152
228
60
216
29
148
207
211
193
254
186
37
193
74
259
175
40
224
89
62
159
218
62
193
62
184
43
59
116
269
35
179
188
166
261
53
27
255
226
44
41
199
173
42
207
192
168
182
244
191
185
66
157
229
210
217
207
195
153
24
188
255
102
242
207
136
257
187
186
254
60
253
215
240
185
39
85
191
178
193
60
256
103
33
31
83
51
42
244
57
36
231
246
230
53
82
25
246
38
220
37
210
252
44
64
52
30
265
199
205
197
35
255
32
20
59
187
77
34
119
217
30
197
237
188
265
230
168
265
165
67
253
179
198
252
268
187
219
110
204
51
115
38
61
255
53
216
42
58
183
170
114
172
188
135
199
167
234
224
218
53
95
114
122
200
234
55
239
187
165
242
197
160
209
195
223
178
201
27
156
109
148
181
42
38
68
27
48
168
256
235
135
215
278
40
29
180
27
166
63
68
62
216
198
200
203
245
247
61
225
230
50
58
162
138
57
41
242
234
44
197
183
280
166
182
252
189
253
108
73
27
31
197
95
198
260
51
220
227
262
44
187
181
197
37
206
191
26
190
210
29
150
43
240
175
196
250
184
41
234
200
111
253
88
263
268
72
37
245
191
59
162
27
193
49
186
40
57
192
135
222
179
24
265
63
95
217
152
73
34
168
45
172
198
265
40
39
179
180
21
25
52
107
40
196
238
176
43
25
232
31
27
194
234
178
256
190
227
155
199
154
189
250
188
215
164
259
161
219
154
199
29
118
42
154
182
238
261
34
110
81
35
57
35
37
203
167
183
38
64
251
104
99
33
207
133
212
108
136
240
185
74
222
155
31
187
62
134
153
260
124
173
44
188
234
264
207
184
199
42
143
249
164
29
265
61
35
174
58
141
198
266
246
159
121
167
48
40
255
207
154
125
206
42
39
28
28
162
178
36
75
265
235
187
256
254
65
92
41
233
248
258
253
176
26
63
176
190
266
43
195
49
53
114
190
187
222
285
32
40
189
217
187
37
219
30
264
119
60
166
203
72
260
37
43
91
205
37
170
63
42
30
218
265
38
161
62
46
191
48
169
179
118
69
112
25
24
64
242
204
215
176
250
176
215
171
153
253
241
253
54
173
171
77
62
176
36
254
191
240
163
223
28
165
26
261
27
141
161
90
185
86
238
159
197
261
51
26
200
22
41
194
192
79
240
123
57
183
223
213
165
260
262
254
60
89
51
219
258
169
34
152
60
189
72
198
207
59
155
254
184
46
59
241
264
165
227
64
44
75
224
110
43
190
249
203
257
43
261
30
208
244
257
265
40
41
262
55
201
86
67
191
248
134
48
51
170
185
197
29
171
64
244
198
51
263
68
191
234
249
68
200
36
28
46
167
26
103
185
170
31
226
130
182
249
101
247
172
253
167
165
166
204
37
39
58
264
183
171
48
251
51
257
119
218
213
263
256
233
116
204
257
74
191
73
39
264
265
52
42
282
225
167
218
186
196
250
221
232
256
89
236
211
27
163
33
198
238
35
175
71
182
260
218
191
255
223
168
221
252
170
178
43
25
163
69
247
254
157
27
199
200
206
61
174
166
72
244
32
169
181
264
265
191
228
193
40
32
261
216
159
257
27
179
218
239
253
192
107
40
180
36
192
256
215
43
200
157
215
179
58
66
100
183
248
171
49
68
218
261
25
32
67
209
108
174
196
212
178
234
62
172
52
129
204
55
161
262
208
175
245
106
181
56
174
61
201
167
106
255
52
51
239
40
184
240
79
224
206
43
264
50
61
234
252
171
66
254
217
30
247
196
51
113
220
45
213
64
209
211
70
145
200
165
173
61
204
223
56
255
266
210
28
97
24
73
262
258
142
198
185
39
148
173
47
40
63
173
24
26
163
181
51
205
194
224
158
57
167
84
59
241
218
32
264
53
260
74
220
200
247
257
188
180
181
207
109
89
241
161
50
52
51
191
47
37
207
222
101
68
195
200
242
256
236
32
166
84
175
265
264
150
264
162
24
195
253
217
33
181
189
254
32
80
154
264
220
202
63
268
65
49
197
243
249
203
196
26
125
237
189
91
240
247
170
45
219
41
112
247
27
60
263
60
259
250
88
39
223
49
258
170
31
49
58
63
226
27
150
261
248
263
106
192
206
38
198
70
71
253
63
26
26
234
250
216
183
214
280
96
37
170
197
244
43
44
185
43
43
181
169
55
274
20
29
197
146
265
127
67
117
212
252
238
263
29
80
253
180
183
176
168
71
83
41
195
256
246
158
176
76
260
39
150
90
55
46
203
70
256
78
28
116
251
195
224
25
101
261
168
40
251
50
197
221
235
227
57
38
169
222
201
50
163
62
55
169
225
264
67
163
178
256
33
79
133
175
88
236
87
195
29
212
34
167
198
145
43
233
64
188
107
95
23
193
166
63
215
130
193
140
39
271
92
198
219
236
69
29
237
160
210
123
156
160
29
223
239
31
43
248
195
169
59
37
190
249
259
176
169
46
280
46
54
36
224
191
48
186
75
192
55
30
205
60
242
49
221
203
35
187
54
170
153
165
42
229
75
71
53
68
86
38
30
178
57
253
25
88
42
48
213
166
124
75
44
223
43
193
21
228
71
171
194
193
172
204
51
233
41
255
231
157
30
164
259
77
255
208
38
245
92
51
24
248
54
205
231
183
218
37
232
210
232
248
191
211
198
214
186
178
47
175
25
107
67
33
109
178
101
187
198
275
65
260
67
31
178
216
259
261
248
241
156
169
42
29
159
55
147
158
51
46
169
263
27
88
29
202
186
193
198
47
74
260
128
260
200
260
122
233
38
243
82
94
38
31
40
236
193
248
110
80
56
84
195
39
91
257
44
21
111
247
197
169
243
25
96
81
186
108
227
44
157
203
165
156
25
73
41
66
101
40
232
36
239
197
188
141
224
61
105
25
195
251
230
155
69
159
251
222
159
183
43
73
190
196
267
45
49
142
228
252
71
251
67
24
226
67
173
169
152
252
127
255
32
54
172
158
250
177
189
41
23
90
37
49
194
55
163
51
28
163
174
26
233
165
199
253
30
50
282
247
252
38
234
226
46
50
184
50
43
74
49
157
67
41
152
30
259
67
217
41
193
89
45
202
201
66
259
76
47
180
122
49
182
282
250
37
224
253
245
238
252
218
212
242
236
70
241
169
31
249
251
218
243
261
239
237
231
173
43
124
68
263
197
31
250
43
195
249
191
264
256
28
175
248
66
31
40
57
92
70
29
168
54
163
162
205
121
252
248
32
170
58
254
73
245
167
97
74
182
251
43
64
49
25
91
41
30
67
41
213
105
256
75
29
183
45
112
185
259
122
239
109
58
173
78
159
258
167
57
66
209
241
107
175
255
200
245
230
99
30
185
161
103
37
37
219
174
69
55
204
261
40
120
31
85
193
162
216
187
166
179
26
211
29
246
260
44
241
28
164
79
59
236
45
260
28
142
185
171
29
222
203
162
76
43
38
201
149
43
39
222
43
245
110
111
174
80
48
93
74
181
99
41
259
38
206
230
182
85
223
51
209
216
254
227
173
261
166
52
24
203
74
176
196
265
189
243
200
183
54
162
29
50
163
241
232
259
82
202
257
214
43
42
209
181
194
134
145
39
227
227
221
55
256
92
246
52
188
199
239
196
105
217
53
164
44
215
200
125
217
33
31
122
238
220
27
243
144
28
48
194
97
217
165
171
62
23
236
238
198
31
114
32
156
43
187
184
66
214
54
281
197
228
130
54
233
227
154
129
237
63
182
51
251
67
256
55
192
204
227
121
192
35
55
35
191
211
31
63
24
67
212
268
32
92
48
263
253
32
204
159
85
209
256
44
214
49
58
155
34
27
216
118
213
24
120
259
277
74
196
57
187
210
31
173
263
24
155
163
63
38
69
163
96
105
34
251
143
185
26
253
191
236
194
44
177
205
63
202
241
261
55
262
45
103
118
187
200
63
195
220
130
260
179
189
211
30
216
212
81
152
24
162
203
199
101
208
200
60
35
45
233
199
263
112
175
28
48
245
201
126
182
221
213
162
42
181
26
217
181
35
200
73
223
261
38
184
219
160
59
34
43
203
191
35
170
258
77
166
167
214
31
52
212
242
242
226
38
100
253
70
191
45
257
235
66
263
214
73
205
29
93
259
195
108
81
51
174
187
157
271
48
242
48
82
109
38
24
86
109
96
63
279
60
228
169
55
251
182
42
143
197
188
161
192
167
132
263
239
239
252
112
176
193
244
68
37
183
174
68
36
168
229
28
61
181
32
191
186
51
185
215
264
25
39
171
215
245
140
240
246
195
219
169
42
256
163
185
30
188
191
36
180
28
87
260
32
246
161
231
241
43
46
158
83
45
239
151
205
153
185
181
229
44
187
157
160
238
198
251
168
70
216
257
216
165
227
154
73
222
248
176
23
219
146
243
35
148
191
189
137
275
251
50
145
162
160
58
75
223
199
49
197
203
204
255
185
224
106
204
223
197
175
178
49
190
74
35
77
46
221
183
206
108
94
182
28
107
42
45
263
141
41
185
86
252
193
225
99
100
162
66
277
100
164
151
36
137
256
194
200
182
257
168
269
45
82
216
35
33
58
49
234
30
40
223
95
237
141
60
46
210
40
38
67
173
63
206
35
57
42
159
192
171
195
38
44
94
183
223
154
266
243
159
150
181
47
171
210
143
187
81
44
186
33
43
243
28
35
247
176
146
76
241
214
35
65
84
244
28
53
177
73
169
211
35
99
195
180
44
256
177
203
32
221
73
234
175
210
248
159
102
180
258
49
198
198
172
35
85
256
101
215
216
224
171
168
270
55
247
184
192
255
143
56
58
47
157
77
248
232
179
61
245
72
50
155
210
176
83
31
250
144
203
208
65
191
106
156
82
257
109
184
218
225
196
211
29
37
154
160
136
258
258
201
48
164
247
68
211
132
153
247
255
167
259
46
204
194
60
53
36
240
160
155
213
218
189
256
216
30
157
57
53
94
56
243
53
49
37
91
25
193
143
115
43
36
198
135
168
199
69
254
256
52
130
210
173
44
102
186
89
54
263
163
148
138
37
200
238
42
176
146
242
86
187
109
183
204
256
197
148
117
175
212
252
215
234
62
155
212
94
43
225
122
233
176
227
105
91
211
198
189
182
108
49
66
85
130
44
249
245
150
71
159
195
65
36
243
227
207
35
229
32
165
101
166
61
37
190
239
166
254
205
53
130
26
168
232
54
163
147
64
109
49
150
260
198
281
264
258
179
253
71
245
234
183
222
213
59
50
283
39
202
166
267
226
196
190
159
51
232
183
261
175
216
259
181
180
37
173
238
223
204
159
233
174
222
200
155
71
213
88
225
152
228
156
49
263
247
32
82
243
109
94
202
50
208
33
246
58
235
175
256
201
70
199
47
41
43
74
73
56
183
35
174
28
204
47
57
169
60
202
227
229
252
65
254
63
90
184
35
279
251
27
51
110
131
183
64
170
56
99
76
242
124
196
195
33
119
197
32
227
197
182
243
228
193
230
159
44
248
55
184
231
51
225
228
185
46
209
61
114
27
254
72
122
57
231
72
42
48
158
65
204
186
40
205
47
59
59
235
31
182
72
85
33
90
111
50
209
181
236
90
155
50
100
191
183
36
40
192
144
46
177
227
67
97
46
99
47
213
45
160
61
54
142
180
222
195
130
169
43
116
140
175
150
101
30
69
61
24
46
212
119
170
251
146
161
49
185
278
156
46
191
107
236
37
175
207
247
270
197
242
166
34
248
158
195
46
90
203
202
27
28
185
37
45
222
184
219
213
64
211
219
255
195
203
213
35
158
227
47
247
93
44
237
257
37
62
207
206
55
66
142
95
113
207
62
240
56
162
211
240
95
244
216
76
219
222
180
32
255
163
52
67
194
190
53
45
223
100
33
45
192
50
204
244
199
221
240
47
211
100
99
25
189
112
72
192
266
212
195
118
197
244
117
174
179
141
44
181
88
98
49
192
33
225
164
40
75
84
218
203
32
203
232
256
46
50
155
203
217
92
241
246
132
180
62
141
140
183
94
195
163
189
57
44
157
119
63
163
161
206
256
184
188
235
243
245
192
191
207
142
38
192
63
29
35
79
161
73
89
259
51
78
47
178
259
52
259
141
266
175
71
39
243
73
204
189
210
71
250
99
42
181
60
63
198
265
178
196
195
246
59
175
172
63
178
226
278
131
187
81
88
68
63
180
197
109
46
212
91
238
232
169
27
38
192
212
156
183
85
263
56
175
45
76
193
222
46
84
269
65
229
65
46
149
238
165
29
103
216
255
209
57
196
71
76
141
61
190
111
34
29
110
259
198
102
239
95
134
193
192
157
106
146
151
189
52
102
174
34
190
193
82
200
188
197
232
259
204
199
195
167
247
109
150
225
24
248
127
185
247
159
44
32
226
189
251
240
46
96
197
187
233
178
167
199
54
240
74
54
153
236
238
207
176
106
48
44
202
104
162
190
163
89
157
155
185
34
205
252
107
179
48
195
51
178
104
81
247
139
178
100
180
54
177
120
230
196
63
77
142
55
247
60
193
165
153
151
202
211
51
172
156
79
239
36
29
73
156
125
272
49
194
213
76
204
188
166
262
28
200
192
167
63
229
132
233
158
110
227
94
152
72
27
152
187
251
37
38
98
39
84
243
199
158
115
124
180
198
249
209
45
168
164
282
44
65
175
68
122
183
101
196
162
42
106
181
204
48
202
274
76
71
162
241
180
77
196
208
40
43
169
103
56
218
67
49
192
218
43
246
85
182
78
76
254
198
66
72
228
40
202
98
209
202
210
164
141
165
218
219
62
179
206
223
181
239
60
133
170
255
260
179
82
219
142
36
76
83
255
133
253
31
160
229
200
253
111
164
261
51
56
53
229
193
44
122
150
33
105
39
49
228
172
262
118
58
36
47
60
61
262
195
218
233
209
30
44
38
197
92
146
69
52
254
49
98
50
209
60
181
156
49
228
180
197
160
249
245
37
33
28
201
51
208
223
236
73
253
235
229
49
177
199
117
139
174
195
168
77
138
143
47
62
66
180
160
42
71
179
230
73
264
124
198
197
187
139
164
177
85
129
40
178
88
226
104
34
69
166
251
200
232
36
155
77
234
181
222
184
34
57
152
215
36
78
83
194
45
159
229
69
29
139
35
41
64
36
232
179
177
151
47
260
70
153
233
188
163
234
177
62
75
245
67
37
190
45
222
207
257
177
33
167
43
244
30
238
81
168
33
55
198
203
172
69
50
39
226
237
170
172
171
175
83
83
70
100
253
157
75
181
211
87
253
204
151
156
62
89
39
123
169
225
191
47
99
57
176
199
57
206
40
65
120
258
36
182
124
76
132
180
41
190
46
184
256
99
53
47
45
279
27
177
234
198
210
72
108
65
192
220
115
137
170
62
27
43
243
31
222
189
49
51
158
168
252
100
231
85
215
97
159
146
30
273
263
232
28
32
203
75
160
233
262
169
99
244
268
176
264
56
88
245
180
230
175
225
47
182
20
213
172
229
71
222
276
32
44
182
44
180
216
167
231
98
109
160
163
102
250
88
173
185
175
249
84
99
100
209
172
81
73
254
86
89
163
205
205
232
146
238
210
209
152
47
48
50
185
194
243
27
155
117
48
166
71
248
188
265
229
126
212
185
222
58
34
37
56
107
128
95
180
76
259
135
200
206
27
188
78
184
219
47
37
70
140
247
267
141
25
168
154
35
77
51
182
85
72
124
208
152
247
78
242
164
25
50
41
144
69
29
179
195
68
183
189
140
173
184
252
47
147
198
224
33
44
176
198
213
53
25
188
50
143
37
42
217
73
33
221
58
130
83
213
59
97
209
255
241
119
41
189
45
227
247
240
248
94
114
28
268
205
149
208
94
44
20
109
64
174
179
89
166
30
193
195
26
85
187
155
169
225
119
94
51
174
65
29
240
37
90
280
35
72
218
25
150
199
186
174
67
48
159
57
83
84
175
40
202
29
145
177
132
26
45
173
55
181
39
182
72
248
182
136
216
159
146
211
42
90
209
75
48
206
201
169
182
104
221
236
146
154
33
157
245
151
44
171
99
143
38
71
107
243
112
198
196
86
192
103
241
160
184
146
193
37
215
29
226
28
172
89
100
114
45
174
130
29
209
251
54
47
198
27
59
165
174
59
53
255
65
163
179
35
127
251
55
259
270
192
141
225
37
206
57
55
182
240
213
136
56
203
132
200
234
120
210
221
121
175
196
112
179
202
49
45
142
194
275
82
29
180
237
40
170
262
38
50
225
86
118
62
152
37
42
121
70
60
234
64
177
165
257
113
149
185
199
55
68
55
178
235
149
114
33
49
161
208
27
152
100
247
210
27
137
152
75
187
169
233
103
88
121
230
210
109
106
98
164
150
245
217
132
259
169
200
200
178
219
94
39
224
148
90
44
135
209
216
66
198
196
99
33
173
222
125
155
153
39
204
212
97
67
58
213
132
167
245
136
48
186
184
214
75
142
46
213
192
77
159
232
154
62
53
70
186
138
31
43
139
246
181
103
184
265
92
214
35
194
187
64
31
74
198
73
186
198
227
128
33
219
110
213
43
172
116
208
78
176
115
254
222
228
243
247
204
124
212
77
58
251
136
81
198
175
212
71
38
227
250
221
145
164
207
229
87
175
139
246
68
204
168
139
135
91
114
245
56
59
228
181
212
225
55
221
173
148
172
177
42
161
164
60
188
52
225
195
77
187
71
265
257
90
180
73
234
182
183
224
85
197
72
241
224
229
166
179
93
191
237
229
265
43
89
236
70
33
173
229
176
82
85
36
124
105
41
228
37
96
43
55
238
234
208
181
207
141
229
205
51
231
33
175
173
225
107
160
110
146
152
254
255
260
208
54
52
175
258
250
154
170
101
96
36
43
204
183
121
264
103
126
75
167
47
164
256
169
159
202
175
206
248
32
135
203
52
34
37
229
167
234
87
155
84
56
70
80
207
253
223
173
29
36
221
132
136
194
215
49
23
167
174
90
31
255
239
211
125
251
68
158
80
84
167
44
29
64
20
255
175
249
168
257
180
99
114
146
211
192
210
114
195
205
62
65
32
123
223
50
227
254
222
252
40
45
204
167
45
239
213
152
37
176
256
55
103
106
63
166
32
120
158
65
254
53
31
97
155
41
164
58
169
183
70
44
201
120
244
35
158
240
75
50
209
165
86
128
37
32
105
52
155
180
264
49
106
245
175
152
245
215
73
101
50
40
155
56
219
193
193
134
95
181
33
201
21
231
83
39
56
141
28
205
35
25
101
43
127
154
134
200
165
232
122
216
145
68
150
85
196
80
110
229
155
187
159
241
159
157
224
56
261
211
141
143
25
52
207
72
121
171
56
163
108
228
98
207
231
233
147
145
207
242
83
250
223
186
90
119
35
74
72
94
216
169
33
111
242
247
250
215
98
72
172
50
69
102
69
30
156
71
203
86
240
165
133
156
156
77
203
218
121
76
44
97
129
97
163
76
95
104
163
36
248
166
101
249
49
34
109
219
66
119
71
48
24
81
93
184
44
46
124
26
132
51
46
60
237
242
56
90
229
214
43
194
145
65
147
160
233
180
134
32
81
146
80
33
101
52
81
31
67
45
170
176
205
176
44
180
44
184
176
199
241
167
153
84
213
133
200
194
191
225
87
55
94
79
127
141
167
202
58
183
232
79
99
57
176
50
201
245
69
176
124
153
202
245
124
56
61
98
223
176
86
84
170
143
142
112
129
232
104
185
235
228
221
167
74
193
34
41
229
161
69
189
252
136
212
114
65
138
193
148
225
89
244
157
145
244
220
182
216
64
203
178
209
231
185
58
164
206
56
31
196
241
209
35
223
243
51
46
64
224
137
69
34
93
69
78
202
50
96
224
92
90
172
55
196
187
88
123
102
48
203
24
182
57
194
113
70
208
102
52
115
160
149
119
107
128
87
57
39
45
52
91
46
233
156
157
227
78
250
44
86
241
254
96
196
75
115
43
102
213
226
83
152
79
134
196
96
40
64
84
149
45
184
260
54
46
29
223
209
123
86
66
67
47
247
120
107
85
216
47
86
74
195
123
77
74
211
43
245
39
66
144
215
134
145
73
84
210
101
247
27
67
134
174
69
202
149
263
113
200
93
130
229
200
140
62
213
83
154
31
267
172
187
86
39
118
61
201
182
171
158
92
52
47
226
153
141
111
181
170
151
51
55
271
232
79
225
41
207
102
191
209
148
203
262
140
50
166
157
235
211
80
143
154
113
57
149
180
205
233
113
89
38
244
158
83
216
143
224
147
223
237
105
116
164
111
164
92
221
182
173
125
116
166
147
242
85
73
214
203
145
216
90
111
170
231
53
174
176
218
67
154
103
47
180
232
220
237
188
58
93
238
69
77
137
91
138
247
184
53
92
163
84
101
50
253
105
38
146
203
213
103
247
62
53
145
280
249
154
136
150
98
237
35
223
75
168
211
207
274
210
144
175
97
60
50
204
156
151
150
164
166
158
110
171
179
41
61
83
138
67
162
223
109
124
76
79
152
20
91
243
118
76
206
265
202
221
200
40
65
247
116
221
34
153
219
32
148
211
109
145
160
187
170
215
106
32
222
25
29
252
209
150
230
220
75
242
158
231
234
183
76
108
134
243
224
71
194
131
214
108
252
71
86
46
190
178
182
110
91
174
121
91
130
160
34
96
73
87
228
78
109
182
166
63
68
175
33
92
89
74
243
115
248
133
119
37
43
111
192
200
216
142
122
204
133
137
98
212
83
134
27
40
233
108
210
235
160
182
212
28
174
162
45
236
40
102
175
94
60
119
128
80
274
224
47
75
98
205
155
135
215
51
91
36
146
185
89
199
227
255
31
85
203
78
95
166
184
66
88
35
180
33
93
29
128
36
56
140
200
228
216
161
161
191
151
62
199
164
206
214
111
151
118
130
220
42
163
244
220
56
42
129
108
208
87
102
148
65
190
166
86
127
132
9
176
95
185
152
66
258
96
199
67
181
180
122
144
229
233
231
32
154
73
202
226
152
164
232
89
73
134
80
80
92
229
25
52
154
31
32
81
150
220
202
154
59
57
44
207
141
26
38
169
129
109
115
232
198
91
207
150
91
239
104
84
61
158
202
216
205
225
9
101
40
59
143
85
145
92
187
99
151
109
114
121
101
244
161
192
75
53
56
50
111
188
175
223
232
221
93
176
81
177
158
55
77
162
128
140
238
264
97
247
88
140
207
136
72
54
31
136
152
151
145
58
239
160
225
237
228
156
30
56
215
223
238
33
128
134
205
236
46
141
200
229
199
35
229
170
174
139
171
223
212
140
56
241
116
165
152
165
111
71
173
101
138
156
209
71
250
113
246
181
127
102
205
67
56
115
85
238
29
91
150
207
175
98
96
149
163
193
228
210
219
119
234
138
118
159
202
144
113
52
74
35
147
229
202
227
32
69
220
55
164
219
111
139
223
142
118
243
118
250
64
82
142
224
100
117
230
98
42
216
184
152
87
208
30
136
221
95
127
182
106
225
112
123
84
63
230
67
127
216
213
76
63
85
79
231
102
138
73
242
32
158
80
158
35
96
62
224
109
83
244
64
75
97
123
46
65
223
106
97
165
77
252
122
185
113
85
259
83
40
156
132
215
41
187
96
92
247
114
222
149
56
60
119
211
175
155
237
31
91
166
66
215
231
72
68
52
212
40
24
65
237
220
241
79
147
134
53
115
173
231
54
226
65
10
226
186
106
26
84
263
86
53
84
223
225
151
208
103
61
174
35
55
139
112
138
106
102
132
177
37
52
148
147
227
231
94
107
93
210
144
235
219
236
28
117
245
248
139
219
60
113
114
214
210
138
224
143
82
237
99
265
83
150
172
166
91
62
53
164
121
95
79
214
146
107
89
202
241
157
73
88
161
77
199
98
272
85
176
98
88
234
171
70
55
100
114
227
221
202
66
117
104
151
156
121
240
124
105
86
84
94
198
74
146
102
69
179
59
104
163
102
32
88
233
151
142
214
239
148
64
158
205
210
222
84
116
148
211
152
140
36
28
264
82
156
227
181
179
141
111
154
192
35
245
230
100
221
139
125
247
204
127
156
111
30
224
225
186
129
135
63
253
67
64
139
89
85
261
216
52
133
234
199
184
88
105
91
32
169
37
101
157
156
110
237
108
43
70
90
106
55
171
210
63
100
225
32
144
141
119
179
243
228
228
13
162
237
207
166
204
118
100
27
158
48
109
53
227
183
167
175
126
173
119
79
118
252
83
244
30
245
130
92
223
265
142
121
95
122
27
60
214
168
195
230
210
213
56
187
44
204
152
224
57
72
151
94
238
150
144
257
176
126
160
28
211
165
212
91
55
163
148
112
64
206
134
251
94
131
112
198
158
191
132
213
83
235
169
153
214
134
110
226
230
42
131
44
108
88
151
136
160
139
154
52
137
124
169
124
99
94
134
75
80
262
107
258
97
146
245
92
151
154
178
255
182
248
122
99
158
45
201
123
221
240
55
225
53
143
164
104
176
145
84
56
153
217
169
81
67
132
119
125
178
185
58
232
48
186
151
219
224
99
42
222
69
219
121
244
146
89
84
141
107
120
88
124
98
2
169
208
202
69
78
148
75
169
247
168
53
143
220
244
50
137
206
123
83
128
264
50
97
70
100
248
164
30
132
230
139
160
133
154
133
252
154
76
237
121
66
131
42
233
81
96
188
31
54
80
66
84
126
165
153
69
243
82
140
111
173
60
114
37
197
124
144
196
120
136
199
90
91
141
223
70
168
186
146
73
153
238
210
231
103
77
227
29
237
186
145
158
48
145
154
83
150
80
123
85
148
77
160
235
81
105
76
67
67
110
156
83
53
204
21
129
113
57
151
220
78
131
111
213
99
24
125
155
163
46
25
108
232
89
133
226
36
60
244
238
182
101
180
37
130
169
151
166
122
106
140
229
133
77
147
96
41
229
250
92
259
96
103
150
86
73
255
212
243
97
138
233
140
261
137
228
151
94
47
164
235
115
70
66
89
143
88
161
216
100
172
64
95
129
127
186
122
132
230
82
71
195
86
122
145
168
84
36
64
147
211
191
202
230
73
227
134
224
225
238
228
185
245
164
81
28
64
165
232
146
100
66
146
223
238
216
123
107
94
119
136
142
112
76
173
157
129
125
183
210
150
89
227
138
143
127
59
150
81
110
84
273
91
134
43
108
213
27
184
167
59
111
176
127
154
200
195
146
87
103
35
147
233
212
131
167
28
149
169
191
130
98
141
245
184
79
108
147
115
108
97
63
226
150
108
96
147
202
221
26
244
117
99
152
99
53
225
145
211
54
84
57
145
27
57
120
44
137
89
166
125
171
172
63
185
116
164
105
199
158
239
57
170
110
243
185
223
233
140
61
232
75
131
126
157
127
143
162
145
31
124
101
141
151
138
232
87
173
92
228
87
82
87
147
240
83
233
200
70
126
90
231
137
78
173
138
78
80
45
79
119
128
73
121
50
194
240
79
158
144
98
94
43
167
156
262
147
115
209
91
229
186
166
132
235
155
186
208
98
125
73
109
37
144
99
207
132
171
85
67
121
120
87
87
9
22
231
85
221
164
149
235
91
123
60
50
255
164
183
132
104
190
198
196
226
144
218
242
163
234
211
120
146
68
123
90
238
212
241
212
71
158
53
140
140
149
145
228
211
157
36
171
232
76
113
86
103
183
94
205
100
70
132
212
166
90
124
163
60
133
76
217
58
229
92
39
164
97
32
152
204
109
131
99
41
162
81
84
216
15
154
103
169
100
158
146
143
172
150
89
154
14
42
43
47
50
257
89
147
156
78
67
120
222
139
64
154
233
162
132
230
111
88
84
253
152
139
54
77
194
128
109
200
63
190
121
250
231
113
143
195
47
60
167
114
63
144
244
78
229
120
142
204
244
211
119
138
66
206
53
157
126
130
61
141
220
130
24
242
86
109
142
147
119
81
96
144
142
162
144
104
106
246
158
125
223
9
68
58
264
134
127
232
247
107
146
24
234
84
93
213
83
100
106
150
126
126
156
96
81
84
80
245
110
114
131
247
128
58
233
220
156
132
120
229
83
166
119
139
105
117
90
83
138
178
258
66
124
85
152
223
141
204
81
56
174
202
212
80
272
228
72
117
225
250
98
191
229
76
149
121
172
131
213
231
124
148
130
132
58
215
97
146
74
47
238
30
66
29
46
223
198
254
230
190
161
22
155
246
236
34
212
184
214
24
150
150
89
103
191
135
130
137
90
157
56
95
153
69
124
128
111
106
245
151
146
96
98
115
17
246
140
162
100
77
133
101
138
126
35
115
69
233
89
246
148
91
80
77
8
87
123
73
146
44
222
173
162
149
69
228
109
85
93
81
99
124
144
160
148
158
201
242
36
106
213
91
137
225
55
139
122
29
91
102
156
221
134
207
147
152
234
192
142
223
134
144
137
130
101
146
127
19
77
210
71
242
111
133
202
249
165
92
102
142
75
144
166
92
141
244
267
68
229
239
267
158
97
229
145
158
120
138
101
45
178
99
122
148
97
103
135
160
145
69
103
163
144
136
117
156
242
136
122
55
204
165
216
48
112
248
105
135
120
58
81
110
144
147
91
233
44
160
141
77
89
91
153
128
74
147
201
61
193
65
213
221
231
113
215
85
215
113
222
103
159
105
231
149
87
95
101
90
27
210
115
152
86
135
238
240
165
115
189
223
98
78
39
23
141
84
86
164
165
215
140
158
78
46
124
79
248
171
64
234
142
134
238
80
234
201
147
128
177
127
168
134
130
70
85
76
271
233
39
133
55
64
172
50
139
85
233
244
160
112
141
229
129
171
203
234
225
151
183
111
58
138
117
160
77
83
72
65
129
234
69
84
130
165
146
110
90
225
140
111
220
66
246
236
57
163
40
93
106
126
208
144
101
141
72
199
58
76
232
76
228
117
166
136
222
161
107
208
98
127
100
146
153
76
138
93
57
71
92
93
140
92
129
209
151
142
51
205
86
162
128
163
59
162
131
90
106
103
126
105
104
104
125
140
123
118
75
240
126
160
146
118
248
113
115
106
86
97
98
3
114
97
126
112
138
37
148
134
150
133
154
26
69
137
78
106
168
82
76
212
114
57
103
159
250
83
57
86
201
149
58
138
157
184
140
97
145
215
106
20
143
77
81
111
117
93
158
166
94
137
216
213
32
143
129
187
237
144
6
49
111
220
20
78
113
139
219
91
104
70
112
131
214
243
99
147
124
204
245
190
148
163
111
249
85
122
64
91
84
179
75
180
162
69
143
151
80
163
157
147
95
197
138
247
224
112
88
122
97
106
239
186
52
97
209
149
130
160
87
134
132
80
94
22
119
58
121
135
135
248
244
59
250
242
157
140
209
164
92
101
164
213
98
99
124
80
207
60
113
105
160
64
120
82
52
127
63
176
89
124
117
159
208
56
140
143
228
248
120
107
158
62
88
78
43
113
111
134
130
134
116
106
169
70
127
237
140
235
76
129
158
234
80
79
239
136
81
93
87
140
117
180
240
133
138
79
156
119
107
108
61
237
102
173
246
229
116
131
234
131
171
128
128
145
145
99
93
230
74
83
19
138
174
95
138
95
173
99
89
118
119
100
77
85
132
116
128
76
133
137
221
123
156
133
196
159
214
132
79
116
199
88
210
75
241
250
121
74
138
168
117
91
156
92
170
157
145
124
110
200
108
65
151
234
122
95
235
98
214
139
128
74
160
237
221
24
84
163
132
132
195
49
145
266
216
193
225
105
169
161
263
80
90
127
99
92
140
131
92
204
93
132
106
132
224
142
131
87
239
140
149
218
88
31
224
117
57
135
213
130
119
44
165
129
218
66
138
81
165
221
223
207
75
66
209
237
140
75
109
147
46
243
126
126
164
244
238
159
237
94
186
147
117
242
102
234
91
151
101
125
127
102
232
149
235
137
171
135
200
131
239
147
245
92
59
223
140
137
234
90
66
10
79
238
239
98
138
116
136
151
223
142
83
128
82
70
238
206
128
172
28
224
209
137
145
139
198
84
85
145
170
232
85
106
62
32
41
239
105
117
85
123
98
85
228
106
124
128
170
74
58
80
73
255
132
123
109
99
69
123
143
141
119
91
102
218
252
136
139
75
193
250
115
182
274
128
128
70
219
114
133
262
192
98
99
131
117
101
144
224
140
142
92
110
75