
267
186
193
48
201
43
39
126
157
265
24
48
102
96
118
193
137
37
263
83
171
188
40
202
189
168
225
192
208
116
130
255
61
24
260
56
196
61
64
54
206
202
215
202
208
257
40
156
64
174
149
174
55
283
44
38
265
221
206
202
194
177
216
41
188
256
109
55
199
183
70
155
36
197
21
181
58
214
29
211
193
212
41
209
32
211
265
159
218
94
178
245
110
237
220
205
254
184
239
75
214
256
189
55
34
89
213
192
208
194
283
196
226
56
253
52
57
168
275
42
173
173
197
257
258
172
190
236
193
255
232
247
263
195
73
265
174
47
148
258
175
152
60
29
148
207
211
193
186
37
40
62
159
184
59
269
53
27
255
226
199
173
192
168
182
244
185
66
210
217
207
24
188
255
186
253
215
39
178
60
33
31
36
53
246
220
37
44
265
197
20
187
77
34
119
217
188
265
230
265
165
253
268
187
219
110
204
51
115
38
255
53
216
42
170
114
172
224
200
55
239
187
197
160
195
178
27
109
27
235
135
40
63
198
200
245
247
225
57
234
252
189
253
108
197
260
220
227
44
187
37
206
191
190
175
196
41
200
88
72
37
245
59
27
49
186
57
192
222
179
24
217
152
34
198
40
179
107
40
176
25
232
27
194
234
256
190
199
154
189
250
215
259
161
154
118
42
154
182
261
34
110
35
38
251
33
207
212
74
153
234
264
207
184
199
42
249
164
265
58
198
246
159
167
207
206
42
39
28
178
254
41
233
248
253
176
63
176
195
190
285
40
37
264
119
60
37
43
37
63
265
62
191
169
179
118
69
25
24
242
250
215
241
54
62
176
254
240
163
223
28
185
197
51
192
79
254
258
169
198
59
264
227
64
110
43
261
208
265
262
201
248
51
170
185
29
244
263
200
36
28
167
31
182
253
165
264
48
257
256
116
265
42
282
218
186
232
236
27
35
71
260
218
191
255
223
221
170
25
254
200
206
61
174
181
264
193
216
218
253
107
180
36
192
256
43
58
66
261
67
245
239
184
240
206
43
234
252
254
247
196
51
220
45
213
204
56
266
210
173
63
173
163
51
194
241
53
260
220
257
52
51
207
222
242
236
175
253
254
63
268
196
189
45
263
39
63
248
192
38
198
26
216
170
244
44
274
212
238
168
41
195
76
39
55
28
224
25
261
50
57
38
201
62
169
195
64
215
193
223
248
169
37
249
280
48
186
71
38
253
166
171
172
255
231
77
51
24
205
183
248
198
214
178
29
186
200
38
236
248
110
56
111
169
96
203
41
239
188
25
251
159
251
183
73
190
45
251
24
252
158
250
37
163
26
233
253
50
226
152
259
41
193
259
180
250
245
238
218
70
169
237
173
197
31
175
248
170
97
49
41
122
173
57
66
204
120
187
166
179
28
79
45
203
38
43
230
166
200
42
52
188
239
164
220
27
237
63
67
256
204
192
268
204
85
256
44
214
213
24
187
263
63
185
253
191
63
261
195
30
203
112
28
245
201
77
242
66
259
195
48
242
82
24
279
60
188
61
181
195
161
83
198
251
73
178
190
141
100
269
237
60
206
42
44
169
270
77
179
210
83
258
259
53
160
42
86
215
43
233
227
32
61
239
166
26
260
281
245
234
222
202
28
254
248
51
254
205
50
144
67
175
24
185
219
203
35
44
37
76
32
163
192
211
192
217
57
163
91
229
209
196
34
180
55
79
152
198
68
255
133
160
44
150
49
197
160
187
139
36
260
234
222
98
185
265
34
33
103
241
114
210
58
167
168
177
126
80
20
43
87
164
211
76
214
78
200
119